name,total_correct,total_questions,overall_acc,std_acc,mean_token_input,mean_token_output
Overall,223,333,66.97,16.46,42646.30,2620.46
